{
    "camera": "Arducam OV9782 USB Camera (0c45:6366)",
    "platform": "Windows NT 10.0; Win64; x64",
    "camera_matrix": {
        "type_id": "opencv-matrix",
        "rows": 3,
        "cols": 3,
        "dt": "d",
        "data": [
            906.9829194362177,
            0,
            680.904752317977,
            0,
            905.5327308088847,
            329.44686525028504,
            0,
            0,
            1
        ]
    },
    "distortion_coefficients": {
        "type_id": "opencv-matrix",
        "rows": 5,
        "cols": 1,
        "dt": "d",
        "data": [
            0.008727324564539337,
            0.03540202149319027,
            0.0006904296498308787,
            0.002332953413789382,
            -0.07620526379098963
        ]
    },
    "distortion_model": "rectilinear",
    "avg_reprojection_error": 0.45916814240688675,
    "img_size": {
        "type_id": "opencv-matrix",
        "rows": 2,
        "cols": 1,
        "dt": "d",
        "data": [
            1280,
            720
        ]
    },
    "keyframes": 7,
    "calibration_time": "Thu, 05 Dec 2024 00:12:50 GMT"
}